    0.1568    0.2129    0.3569    0.1228    0.1664    0.2753    0.1940    0.2216
    0.2479    0.1191    0.2226    0.2570    0.2246    0.3539    0.2270    0.2843
    0.3897    0.2436    0.0376    0.3457    0.1945    0.2469    0.2880    0.3594
    0.3137    0.1097    0.1885    0.0979    0.3160    0.3613    0.1667    0.1789
    0.1343    0.1013    0.3488    0.5642    0.1570    0.1840    0.4746    0.4812
    0.1410    0.1222    1.2408    0.1544    0.1537    0.1271    1.1311    1.2693
    0.1159    0.0871    2.0937    0.6102    0.1089    0.6821    0.6093    0.6793
    0.2208    0.2669    0.7739    1.4468    0.1888    0.2820    0.4238    0.8101
    0.1055    0.3869    0.2773    0.8642    0.0990    0.9190    0.5801    0.8643
    0.1989    0.0646    0.3374    0.4316    0.1267    0.0763    0.2129    0.2643
    0.1608    0.1407    0.1145    0.2403    0.1675    0.1242    0.2200    0.2719
    0.2019    0.1234    0.4308    0.2137    0.0997    0.0897    0.6158    0.1853